# Created by Octave 4.2.2, Sun Jun 10 15:44:46 2018 IST <mohit@mohit-Lenovo-V110-15ISK>
# name: v
# type: matrix
# rows: 1
# columns: 10
 2104 1600 2400 1416 3000 1985 1534 1427 1380 1494


